POLYGON((13.28611001083535 42.62980448886884, 13.28614344447475 42.62987895629171, 13.28607348892594 42.6299103655876, 13.28604005413602 42.62983589812764, 13.28611001083535 42.62980448886884))
POLYGON((13.28611001083535 42.62980448886884, 13.28604005413602 42.62983589812764, 13.28601107284757 42.62977135004133, 13.28608102946282 42.62973994169905, 13.28611001083535 42.62980448886884))
POLYGON((13.28634704293588 42.62985932821093, 13.28619626862088 42.62988752194248, 13.28616256453884 42.62970727562374, 13.28631333845443 42.62967908102812, 13.28634704293588 42.62985932821093))
POLYGON((13.28643421409188 42.63017972027403, 13.28625941092774 42.63022754371832, 13.28623148466925 42.63012546823747, 13.28640628880883 42.63007764394837, 13.28643421409188 42.63017972027403))
POLYGON((13.28669881057628 42.62972619417782, 13.28658515225545 42.62977175029554, 13.28651696370083 42.62963956025749, 13.28663599288454 42.62959199351325, 13.28669881057628 42.62972619417782))
POLYGON((13.28686611970921 42.62931135356864, 13.28686975443022 42.62943497104943, 13.286817644629 42.62944892162945, 13.28670452170313 42.62947920652481, 13.28672022669135 42.62930645705902, 13.28686611970921 42.62931135356864))
POLYGON((13.28685442691633 42.62986325166956, 13.28675877385841 42.62989466063366, 13.28671308700047 42.62979329486667, 13.2868087420515 42.62976474246202, 13.28685442691633 42.62986325166956))
POLYGON((13.28664921379627 42.62955634015106, 13.28659210633579 42.62957775513201, 13.28657174688656 42.62952346446703, 13.28662885430343 42.62950204949529, 13.28664921379627 42.62955634015106))
POLYGON((13.28698534087254 42.62966535165941, 13.2867599252549 42.62974275244889, 13.28665740851035 42.62951061567567, 13.2868863562902 42.62944073063716, 13.28698534087254 42.62966535165941))
POLYGON((13.28644570840854 42.62870527123927, 13.28643963375048 42.62870537126782, 13.28627209290757 42.62865569906678, 13.28627050776528 42.62855978292086, 13.28644325658706 42.6285569274666, 13.28644570840854 42.62870527123927))
POLYGON((13.28625113233102 42.6287645742425, 13.2862919232041 42.62870112242343, 13.28642469708249 42.62874538003693, 13.28638623393918 42.62880346893144, 13.28632448338762 42.62878465501607, 13.28625113233102 42.6287645742425))
POLYGON((13.2870648616077 42.6288278236043, 13.28698205547885 42.62884495512574, 13.28697149798632 42.62879392157168, 13.28705430285537 42.62877678913819, 13.2870648616077 42.6288278236043))
POLYGON((13.28696044244206 42.62907476234104, 13.28690333553189 42.62908332867482, 13.28689440196601 42.62902377694303, 13.28695150879782 42.62901521151284, 13.28696044244206 42.62907476234104))
POLYGON((13.28643326350501 42.62775457349093, 13.28642184169525 42.62780311427941, 13.28670737791272 42.62785879292035, 13.28659601844593 42.62812148594317, 13.28663742046166 42.62813147986226, 13.28655033262098 42.6283142227177, 13.28638900575245 42.62843985869417, 13.28626765281957 42.62835276964304, 13.28644896791109 42.62820857390779, 13.28649322575025 42.62810149799267, 13.28629906134553 42.62805866870973, 13.28632618744088 42.62800298933804, 13.28623053360657 42.62798585729482, 13.28631904884345 42.62773173000522, 13.28643326350501 42.62775457349093))
POLYGON((13.28644040099026 42.62814861247318, 13.28637615680621 42.62823141712828, 13.28628192912072 42.62832136101396, 13.28621768325935 42.6282785302926, 13.28630048905766 42.6281200578448, 13.28633760847123 42.62813861850916, 13.28635616817739 42.62811292030504, 13.28644040099026 42.62814861247318))
POLYGON((13.2865389119967 42.62847126703719, 13.28652320595811 42.62850838620516, 13.28645467830748 42.62848697108894, 13.28647323802447 42.62844985139861, 13.2865389119967 42.62847126703719))
POLYGON((13.28748974345292 42.62878963868388, 13.28748260569061 42.62877536206124, 13.28743834785258 42.62878392807008, 13.28743120999475 42.62875680262801, 13.28757540481498 42.62872253834475, 13.28758968159765 42.62876536865851, 13.28748974345292 42.62878963868388))
POLYGON((13.28755876662705 42.62883428085137, 13.28751165350992 42.62884713036145, 13.28750259252189 42.62881390927397, 13.2875497068098 42.62880106068554, 13.28755876662705 42.62883428085137))
POLYGON((13.28759764225632 42.62895213949705, 13.2875019876963 42.62897926523058, 13.28748546018897 42.62892098501819, 13.28758111588463 42.62889385931497, 13.28759764225632 42.62895213949705))
POLYGON((13.28758111588463 42.62889385931497, 13.2875725489556 42.62885827361426, 13.28764702686962 42.6288403435533, 13.28765673673236 42.62887565456335, 13.28767391434067 42.62893811754427, 13.28759764225632 42.62895213949705, 13.28758111588463 42.62889385931497))
POLYGON((13.28771531607017 42.6291965259829, 13.28763679471201 42.62921651458895, 13.28760110262114 42.62913656469496, 13.28743691941214 42.62916654526774, 13.28744405864778 42.6291922433826, 13.28752400880645 42.62917796584354, 13.28754461034607 42.62922776810197, 13.28717484274312 42.62931771253783, 13.28716994456174 42.62920794798779, 13.28735554217678 42.62918367771091, 13.28732984475535 42.62905804272477, 13.28761966210397 42.62898094719479, 13.28765258493328 42.62905514810004, 13.28771531607017 42.6291965259829))
POLYGON((13.28775386375857 42.62903234333398, 13.28781525476529 42.62917225667243, 13.28771531607017 42.6291965259829, 13.28765258493328 42.62905514810004, 13.28775386375857 42.62903234333398))
POLYGON((13.28775386375857 42.62903234333398, 13.28765258493328 42.62905514810004, 13.28761966210397 42.62898094719479, 13.2877210275866 42.62895382119115, 13.28775386375857 42.62903234333398))
POLYGON((13.28783647139123 42.62890176986007, 13.28770908496687 42.6289324692991, 13.2876596372315 42.62882533017763, 13.28780097700217 42.62879392084327, 13.28781099599176 42.62882436457464, 13.28783647139123 42.62890176986007))
POLYGON((13.28797307958594 42.62886884692591, 13.28783647139123 42.62890176986007, 13.28781099599176 42.62882436457464, 13.28795373835312 42.62879534892551, 13.28797307958594 42.62886884692591))
POLYGON((13.28809985193732 42.62883829560702, 13.28797307958594 42.62886884692591, 13.28795373835312 42.62879534892551, 13.28808222950479 42.62877536226429, 13.28809985193732 42.62883829560702))
POLYGON((13.28817502839894 42.62873538687209, 13.28818930568454 42.62880962593484, 13.28818064996861 42.6288188233938, 13.28809985193732 42.62883829560702, 13.28808222950479 42.62877536226429, 13.28807651888819 42.62875537421204, 13.28817502839894 42.62873538687209))
POLYGON((13.28817502839894 42.62873538687209, 13.28807651888819 42.62875537421204, 13.28806795270463 42.62869683935645, 13.28802512225499 42.62869969503073, 13.28801512795335 42.62864258868341, 13.28814647498612 42.62862117316485, 13.28817502839894 42.62873538687209))
POLYGON((13.28807651888819 42.62875537421204, 13.28787378785245 42.62879106586183, 13.28785237352936 42.62866685841772, 13.28801512795335 42.62864258868341, 13.28802512225499 42.62869969503073, 13.28806795270463 42.62869683935645, 13.28807651888819 42.62875537421204))
POLYGON((13.28805484458193 42.62860584621295, 13.28805795989855 42.6286197456887, 13.28792518583189 42.62864401517809, 13.28790234290875 42.62855692709853, 13.28803939935556 42.6285369406456, 13.28805484458193 42.62860584621295))
POLYGON((13.2881193488423 42.62850267532962, 13.2881407648804 42.62859404749244, 13.28805484458193 42.62860584621295, 13.28803939935556 42.6285369406456, 13.28803368899926 42.62851409700189, 13.2881193488423 42.62850267532962))
POLYGON((13.28803368899926 42.62851409700189, 13.28784095278405 42.62854693291161, 13.28781668158954 42.6284341474442, 13.28800570777559 42.62840180004027, 13.28808365791108 42.62838846118412, 13.2881193488423 42.62850267532962, 13.28803368899926 42.62851409700189))
POLYGON((13.28808365791108 42.62838846118412, 13.28800570777559 42.62840180004027, 13.2879822919875 42.62830993958654, 13.28807366301626 42.6282913792348, 13.28810221798074 42.62838132360331, 13.28808365791108 42.62838846118412))
POLYGON((13.28829628200198 42.62855604591045, 13.28818492289866 42.62857603402063, 13.28813362547114 42.62835848002052, 13.28826211619716 42.62833135461561, 13.28828353093908 42.62840987611818, 13.28833921131726 42.6284027385335, 13.28836062594129 42.62848411651248, 13.28827782174439 42.6285026754489, 13.28829628200198 42.62855604591045))
POLYGON((13.28845057033546 42.62851695231748, 13.28829628200198 42.62855604591045, 13.28827782174439 42.6285026754489, 13.28836062594129 42.62848411651248, 13.28843343895536 42.62846270120496, 13.28845057033546 42.62851695231748))
POLYGON((13.28854051286753 42.62848982598253, 13.28845057033546 42.62851695231748, 13.28843343895536 42.62846270120496, 13.28841345034212 42.62839131706066, 13.28850482134907 42.62837275726513, 13.28852160071292 42.62842779557739, 13.28854051286753 42.62848982598253))
POLYGON((13.28864901728398 42.62846270136608, 13.28854051286753 42.62848982598253, 13.28852160071292 42.62842779557739, 13.2885739540789 42.62841505817284, 13.28863045702041 42.62840131021212, 13.28864901728398 42.62846270136608))
POLYGON((13.2885739540789 42.62841505817284, 13.28852160071292 42.62842779557739, 13.28850482134907 42.62837275726513, 13.28849340099174 42.62833421035961, 13.28854907936418 42.62831993321052, 13.2885739540789 42.62841505817284))
POLYGON((13.2886861365321 42.62838846126021, 13.28863045702041 42.62840131021212, 13.28860190389682 42.62830851130889, 13.28863474053843 42.62830137354006, 13.28866043807658 42.62829709004561, 13.2886861365321 42.62838846126021))
POLYGON((13.288780363523 42.62842558159758, 13.28864901728398 42.62846270136608, 13.28863045702041 42.62840131021212, 13.2886861365321 42.62838846126021, 13.28872522863195 42.62837938712914, 13.2887660868227 42.62836990261287, 13.288780363523 42.62842558159758))
POLYGON((13.2889345521353 42.62832849958681, 13.28894026340886 42.62838132287204, 13.288780363523 42.62842558159758, 13.2887660868227 42.62836990261287, 13.2889345521353 42.62832849958681))
POLYGON((13.2887660868227 42.62836990261287, 13.28872522863195 42.62837938712914, 13.28871611829318 42.62834563137975, 13.28874895383291 42.62833706531514, 13.28874609995228 42.62830422793509, 13.28877338842976 42.62829778168956, 13.28892741498088 42.62826139864787, 13.2889345521353 42.62832849958681, 13.2887660868227 42.62836990261287))
POLYGON((13.28866043807658 42.62829709004561, 13.28863474053843 42.62830137354006, 13.2886171955958 42.62824334123564, 13.28861618030713 42.62823998328339, 13.28888233938888 42.62816567568515, 13.288897432672 42.62816146154493, 13.28892741498088 42.62826139864787, 13.28877338842976 42.62829778168956, 13.28876751381639 42.62827424761893, 13.28866043807658 42.62829709004561))
POLYGON((13.2886171955958 42.62824334123564, 13.28863474053843 42.62830137354006, 13.28860190389682 42.62830851130889, 13.28854907936418 42.62831993321052, 13.28849340099174 42.62833421035961, 13.28850482134907 42.62837275726513, 13.28841345034212 42.62839131706066, 13.28833921131726 42.6284027385335, 13.28831922282924 42.6283313543743, 13.28836878283271 42.62831610515264, 13.28861618030713 42.62823998328339, 13.2886171955958 42.62824334123564))
POLYGON((13.28883175947595 42.6280443916628, 13.28886887973078 42.62806152327429, 13.28888172853059 42.62809578873463, 13.28888458320649 42.62813719020132, 13.28888233938888 42.62816567568515, 13.2886171955958 42.62824334123564, 13.28836878283271 42.62831610515264, 13.28830637457982 42.62815860567233, 13.28837729940678 42.62813932796335, 13.28861037823278 42.62807597421482, 13.28873182220581 42.62804296425856, 13.28878179107414 42.62804010870913, 13.28883175947595 42.6280443916628))
POLYGON((13.28883175947595 42.6280443916628, 13.28878179107414 42.62804010870913, 13.28873182220581 42.62804296425856, 13.28873182185034 42.62797443542771, 13.28882462169902 42.6279701521735, 13.28883175947595 42.6280443916628))
POLYGON((13.2887703691636 42.62808008295462, 13.28872182779618 42.62809007764724, 13.28870897925673 42.62805295748074, 13.28875894858015 42.6280429643168, 13.2887703691636 42.62808008295462))
POLYGON((13.28830637457982 42.62815860567233, 13.28813505397668 42.62817431069141, 13.288120775908 42.62804867453576, 13.28813362487198 42.62788163654837, 13.2881935680312 42.62788104298773, 13.28827782098232 42.62788020845477, 13.28825355078626 42.62779597630892, 13.2884220166177 42.62778169901891, 13.28840202890535 42.6277003216544, 13.28888458392733 42.62772173611294, 13.28887601770073 42.62784594394859, 13.28870897990493 42.62784023428114, 13.28873182185034 42.62797443542771, 13.28873182220581 42.62804296425856, 13.28861037823278 42.62807597421482, 13.28856906796704 42.62791304561561, 13.28833492853222 42.62794588235125, 13.28837729940678 42.62813932796335, 13.28830637457982 42.62815860567233))
POLYGON((13.28813362487198 42.62788163654837, 13.28809079500956 42.62788449135739, 13.28804796586567 42.62784594411731, 13.28805795939293 42.62780025902042, 13.28808651208984 42.62777313306327, 13.28811363878689 42.62776742209316, 13.28819073301881 42.62775742845845, 13.28822071381839 42.6277774163302, 13.28823499090925 42.62780311391834, 13.28823641841146 42.62784308923915, 13.28821500339978 42.62787021564877, 13.2881935680312 42.62788104298773, 13.28813362487198 42.62788163654837))
POLYGON((13.28819073301881 42.62775742845845, 13.28811363878689 42.62776742209316, 13.28808651208984 42.62777313306327, 13.2880522486208 42.62776742214461, 13.28803797083539 42.62775171864825, 13.28804082694307 42.62770317753694, 13.28817217310306 42.62768318931338, 13.28819073301881 42.62775742845845))
POLYGON((13.28817217310306 42.62768318931338, 13.28825069490666 42.62769461005746, 13.28824355786328 42.62776885056753, 13.28822071381839 42.6277774163302, 13.28819073301881 42.62775742845845, 13.28817217310306 42.62768318931338))
POLYGON((13.28843914798483 42.62767747868833, 13.288269254892 42.62766891244348, 13.28828495897833 42.62755755388417, 13.28844200411311 42.62755469845116, 13.28843914798483 42.62767747868833))
POLYGON((13.28855907338112 42.62762322693768, 13.28856192788977 42.62759181844503, 13.28876323132836 42.62759610144226, 13.2887546656059 42.62767176869976, 13.2885575598598 42.62766626695225, 13.28855907338112 42.62762322693768))
POLYGON((13.28855907338112 42.62762322693768, 13.2885575598598 42.62766626695225, 13.2884477146273 42.62766320266639, 13.28845342586034 42.62762322686219, 13.28855907338112 42.62762322693768))
POLYGON((13.28803808176555 42.62820088767214, 13.28795813094005 42.62821087992598, 13.28795373822329 42.628175738472, 13.28803368783456 42.62816574440182, 13.28803808176555 42.62820088767214))
POLYGON((13.28931329015319 42.62769231599532, 13.28926189470213 42.62769659942856, 13.28925863552305 42.62765749098895, 13.28931003091736 42.62765320845672, 13.28931329015319 42.62769231599532))
POLYGON((13.28967571128766 42.62782293163026, 13.28961432099988 42.62782435896331, 13.28961269803036 42.62775457306513, 13.28967408949311 42.62775314484976, 13.28967571128766 42.62782293163026))
POLYGON((13.28996247891917 42.62779597584688, 13.28978401983353 42.62785736620624, 13.2898011524112 42.62798300156494, 13.28976260416727 42.62798585699424, 13.28974404563405 42.62784451753888, 13.28977830987733 42.62783880649138, 13.28976260450766 42.62773172992915, 13.28994963039452 42.62771745286761, 13.28996247891917 42.62779597584688))
POLYGON((13.28949562917606 42.62790305092065, 13.28929886565004 42.62791160568852, 13.28929861046186 42.62791161718602, 13.28928433396608 42.627824529442, 13.28948278034162 42.62781739115597, 13.28949562917606 42.62790305092065))
POLYGON((13.28950705066444 42.62797586306193, 13.2894444114351 42.62797769220043, 13.28931145992046 42.62798157346889, 13.28929886565004 42.62791160568852, 13.28929861053375 42.62791018984088, 13.28949562917606 42.62790305092065, 13.28950705066444 42.62797586306193))
POLYGON((13.2894444114351 42.62797769220043, 13.28945993754845 42.62807580040835, 13.28933572987355 42.62809578866366, 13.28931145992046 42.62798157346889, 13.2894444114351 42.62797769220043))
POLYGON((13.28956844001414 42.62820429164241, 13.28936713810549 42.62824569416142, 13.28934857800541 42.62812576932202, 13.28952989305692 42.62808864936228, 13.28956844001414 42.62820429164241))
POLYGON((13.28975029489975 42.62816701189679, 13.28956844001414 42.62820429164241, 13.28952989305692 42.62808864936228, 13.2895099059506 42.62803582542798, 13.28971549122473 42.62799299533229, 13.28973838980786 42.62810748443987, 13.28975029489975 42.62816701189679))
POLYGON((13.29019290499671 42.62798751050919, 13.2901937639262 42.62800869938676, 13.29015860822889 42.62806082427576, 13.2898060509216 42.6281555836828, 13.28978885834487 42.62815910740557, 13.28976943109146 42.62809874450177, 13.28981542887334 42.62808579455493, 13.28979829672319 42.62802583154203, 13.29002529771966 42.62797300685011, 13.29000673790294 42.62792732213001, 13.29006334881207 42.62791980316337, 13.29007586566125 42.62799490184882, 13.29019290499671 42.62798751050919))
POLYGON((13.28978885834487 42.62815910740557, 13.28975029489975 42.62816701189679, 13.28973838980786 42.62810748443987, 13.28976943109146 42.62809874450177, 13.28978885834487 42.62815910740557))
POLYGON((13.29005754397381 42.62676543542407, 13.28989455006938 42.62678209139471, 13.28987104734747 42.62654892989524, 13.29004802512642 42.62653700701484, 13.29005754397381 42.62676543542407))
POLYGON((13.29011952495236 42.62708071018629, 13.29011381345967 42.62715352134836, 13.28992250398552 42.62714352747168, 13.28992678749354 42.62707499955147, 13.29011952495236 42.62708071018629))
POLYGON((13.29035223556611 42.62674520596696, 13.29021232316121 42.62675948191033, 13.29018805226349 42.62655104217413, 13.29032225476905 42.62653533742864, 13.29035223556611 42.62674520596696))
POLYGON((13.29022517189421 42.62612559412123, 13.29022231613504 42.62620982708093, 13.29024230476275 42.62622695915763, 13.29024373173906 42.62628121152772, 13.29008240442376 42.62629120438236, 13.29001673084691 42.62628406604589, 13.29000530912813 42.62623552512839, 13.29001387685552 42.62607419807338, 13.2901238070185 42.62592857491543, 13.29018948058674 42.6259271473083, 13.29031654380335 42.62598568228962, 13.29034509749067 42.62601138020738, 13.29030226619081 42.62605421054045, 13.29028370651699 42.62604421672653, 13.29022517189421 42.62612559412123))
POLYGON((13.29036365634105 42.6278802087076, 13.29030083890662 42.627948737303, 13.29019661879317 42.62792161084587, 13.29026229162346 42.62784023468976, 13.29036365634105 42.6278802087076))
POLYGON((13.28996569438447 42.62833705651666, 13.28989521694831 42.62835550349304, 13.28985968684061 42.62826139851094, 13.28993249894467 42.62824283872673, 13.28992536067739 42.62822856224627, 13.28983679383483 42.62824734785706, 13.28981344611595 42.62817575169763, 13.28996427058706 42.62813598386705, 13.29003587409922 42.62825959666947, 13.28994677589624 42.62828852434929, 13.28996569438447 42.62833705651666))
POLYGON((13.28996427058706 42.62813598386705, 13.29014379425246 42.62808864934818, 13.29034652420136 42.62820429107185, 13.29034541888404 42.62823304212779, 13.29009220436229 42.62830394244978, 13.2900655969375 42.62831090707905, 13.29003587409922 42.62825959666947, 13.28996427058706 42.62813598386705))
POLYGON((13.28989521694831 42.62835550349304, 13.28975846275836 42.62839129745174, 13.28972790262984 42.62829464158664, 13.28982380285459 42.62827045069133, 13.28985968684061 42.62826139851094, 13.28989521694831 42.62835550349304))
POLYGON((13.2900655969375 42.62831090707905, 13.28996569438447 42.62833705651666, 13.28994677589624 42.62828852434929, 13.29003587409922 42.62825959666947, 13.2900655969375 42.62831090707905))
POLYGON((13.28982380285459 42.62827045069133, 13.28972790262984 42.62829464158664, 13.28969978687887 42.6282057190765, 13.28979423206618 42.62818081756908, 13.28982380285459 42.62827045069133))
POLYGON((13.28919767618931 42.62828543406224, 13.28899023089504 42.62832564459963, 13.28898065937929 42.62827778052191, 13.28910587300543 42.62827139223359, 13.28909873566843 42.62822427955068, 13.28919867262328 42.62821571250599, 13.28919767618931 42.62828543406224))
POLYGON((13.28919867262328 42.62821571250599, 13.28909873566843 42.62822427955068, 13.2891073008682 42.62811149225982, 13.28907732093278 42.6281100646359, 13.28908160367904 42.62807151732266, 13.28908731279921 42.62804010823555, 13.28922008722402 42.62804296417817, 13.28919867262328 42.62821571250599))
POLYGON((13.28909873566843 42.62822427955068, 13.28897024469021 42.62822570645855, 13.2889616778454 42.62812576960928, 13.288980238686 42.62806437923467, 13.28908160367904 42.62807151732266, 13.28907732093278 42.6281100646359, 13.2891073008682 42.62811149225982, 13.28909873566843 42.62822427955068))
POLYGON((13.28909873566843 42.62822427955068, 13.28910587300543 42.62827139223359, 13.28898065937929 42.62827778052191, 13.28897024469021 42.62822570645855, 13.28909873566843 42.62822427955068))
POLYGON((13.28919867262328 42.62821571250599, 13.28930717696016 42.62819858048532, 13.28931431466204 42.62826282671824, 13.28919767618931 42.62828543406224, 13.28919867262328 42.62821571250599))
POLYGON((13.2893328747924 42.62851124242783, 13.28903877192234 42.62858262564335, 13.28899165884131 42.62834705901314, 13.2892757680157 42.62829851817219, 13.2893328747924 42.62851124242783))
POLYGON((13.28963013103647 42.62842759794874, 13.28946808387369 42.62847319618204, 13.28943810301756 42.62837326014368, 13.28952703894039 42.628349914648, 13.28950468191544 42.62824785645581, 13.28962412005313 42.62822142371462, 13.28964981848175 42.62829280736848, 13.28962983194166 42.62829708991881, 13.28959984902177 42.62830422826492, 13.28963013103647 42.62842759794874))
POLYGON((13.28962983194166 42.62829708991881, 13.2896626679745 42.62841844361681, 13.28963013103647 42.62842759794874, 13.28959984902177 42.62830422826492, 13.28962983194166 42.62829708991881))
POLYGON((13.28946808387369 42.62847319618204, 13.2893328747924 42.62851124242783, 13.2892757680157 42.62829851817219, 13.28940696897976 42.6282694814052, 13.28943810301756 42.62837326014368, 13.28946808387369 42.62847319618204))
POLYGON((13.28950468191544 42.62824785645581, 13.28952703894039 42.628349914648, 13.28943810301756 42.62837326014368, 13.28940696897976 42.6282694814052, 13.28950468191544 42.62824785645581))
POLYGON((13.28921528333557 42.6287551606429, 13.28915155907942 42.62876251349535, 13.28915013195572 42.62872682113442, 13.28906942496038 42.62873840041386, 13.28904733892533 42.6286026130935, 13.28942367958899 42.62852020906438, 13.28944703000659 42.62862139327733, 13.2893628548323 42.62864544288941, 13.28936856643195 42.62867685236363, 13.28927848352498 42.62869116445739, 13.28921580383998 42.62870112198272, 13.28922579822962 42.62875394709148, 13.28921528333557 42.6287551606429))
POLYGON((13.28985955208509 42.62862105440563, 13.28958333271646 42.62870523967332, 13.28954274287257 42.6285940470534, 13.28970549748381 42.62854978936859, 13.28980317669975 42.62852508833973, 13.28982970527314 42.62851838014733, 13.28985955208509 42.62862105440563))
POLYGON((13.28982970527314 42.62851838014733, 13.28980317669975 42.62852508833973, 13.28977402586741 42.62843271936087, 13.29000102670798 42.62836276296623, 13.29002958005596 42.62844271361235, 13.28997390199447 42.62845556233944, 13.28998389441726 42.62848554351449, 13.28982970527314 42.62851838014733))
POLYGON((13.29001517816879 42.62857939414411, 13.28985955208509 42.62862105440563, 13.28982970527314 42.62851838014733, 13.28998389441726 42.62848554351449, 13.29001517816879 42.62857939414411))
POLYGON((13.29012349161724 42.62845704463041, 13.29015118483338 42.62854298536309, 13.29001517816879 42.62857939414411, 13.28998389441726 42.62848554351449, 13.28997390199447 42.62845556233944, 13.29002958005596 42.62844271361235, 13.29006751109621 42.62843564158536, 13.29011381279734 42.62842700961437, 13.29012349161724 42.62845704463041))
POLYGON((13.29023957341711 42.62842104970247, 13.29012349161724 42.62845704463041, 13.29011381279734 42.62842700961437, 13.29006751109621 42.62843564158536, 13.29003671839413 42.62834848656415, 13.29023659287432 42.62828995231595, 13.29028941796788 42.62840559317112, 13.29023957341711 42.62842104970247))
POLYGON((13.29024087648441 42.62850553112531, 13.2901694923304 42.62852123521615, 13.29014950569428 42.62846983964903, 13.29022517293131 42.62844842438564, 13.29024087648441 42.62850553112531))
POLYGON((13.29010398675621 42.62871272747813, 13.28992350825422 42.62875193205773, 13.2899010888481 42.62864544329014, 13.2902035938575 42.62856379833232, 13.29024283852678 42.62868256394193, 13.29018784595596 42.62869451076443, 13.29010398675621 42.62871272747813))
POLYGON((13.29013124509294 42.62881580248027, 13.2899467759452 42.62886244986548, 13.28992350825422 42.62875193205773, 13.29010398675621 42.62871272747813, 13.29013124509294 42.62881580248027))
POLYGON((13.29031939798034 42.62876822370083, 13.29021806896459 42.62879384686224, 13.29020813929048 42.6287963579051, 13.29018784595596 42.62869451076443, 13.29024283852678 42.62868256394193, 13.2902822788975 42.62867399697625, 13.29031939798034 42.62876822370083))
POLYGON((13.2902822788975 42.62867399697625, 13.29024283852678 42.62868256394193, 13.2902035938575 42.62856379833232, 13.29031368807167 42.62853408432143, 13.29034297098569 42.62860352754386, 13.29036365606716 42.62865258130797, 13.2902822788975 42.62867399697625))
POLYGON((13.29020813929048 42.6287963579051, 13.29013124509294 42.62881580248027, 13.29010398675621 42.62871272747813, 13.29018784595596 42.62869451076443, 13.29020813929048 42.6287963579051))
POLYGON((13.28958333271646 42.62870523967332, 13.28938765041738 42.6287473799304, 13.28936856643195 42.62867685236363, 13.2893628548323 42.62864544288941, 13.28944703000659 42.62862139327733, 13.28954274287257 42.6285940470534, 13.28958333271646 42.62870523967332))
POLYGON((13.28954274287257 42.6285940470534, 13.28944703000659 42.62862139327733, 13.28942367958899 42.62852020906438, 13.28967979962952 42.62846412867494, 13.28970549748381 42.62854978936859, 13.28954274287257 42.6285940470534))
POLYGON((13.28929509786762 42.62877215627563, 13.28922083910127 42.62879203403601, 13.28921528333557 42.6287551606429, 13.28922579822962 42.62875394709148, 13.28921580383998 42.62870112198272, 13.28927848352498 42.62869116445739, 13.28929509786762 42.62877215627563))
POLYGON((13.28938765041738 42.6287473799304, 13.28929509786762 42.62877215627563, 13.28927848352498 42.62869116445739, 13.28936856643195 42.62867685236363, 13.28938765041738 42.6287473799304))
POLYGON((13.28922083910127 42.62879203403601, 13.28908410283919 42.628828637931, 13.28906942496038 42.62873840041386, 13.28915013195572 42.62872682113442, 13.28915155907942 42.62876251349535, 13.28921528333557 42.6287551606429, 13.28922083910127 42.62879203403601))
POLYGON((13.28971147107025 42.62880423164096, 13.28960556027453 42.62883532412332, 13.28958414487141 42.62873538726462, 13.28973405091619 42.62869541241468, 13.28976117777783 42.62878963869638, 13.28971147107025 42.62880423164096))
POLYGON((13.28976117777783 42.62878963869638, 13.28981971227927 42.6287767895005, 13.28985552909075 42.6288916515697, 13.28974515698723 42.62892328812858, 13.28971147107025 42.62880423164096, 13.28976117777783 42.62878963869638))
POLYGON((13.28945621986921 42.62900610797724, 13.28927014200921 42.62905944552154, 13.28912300563825 42.62908659520621, 13.28909587997554 42.62896667026678, 13.28921580442863 42.62894097195431, 13.28932716309312 42.62893383435377, 13.28932145278617 42.62890099755207, 13.28943281193134 42.62888386573199, 13.28945621986921 42.62900610797724))
POLYGON((13.28960326792878 42.62896395815448, 13.28945621986921 42.62900610797724, 13.28943281193134 42.62888386573199, 13.28952092635447 42.62885910584467, 13.28957686518829 42.62884338673055, 13.28960326792878 42.62896395815448))
POLYGON((13.28974515698723 42.62892328812858, 13.28960326792878 42.62896395815448, 13.28957686518829 42.62884338673055, 13.28960556027453 42.62883532412332, 13.28971147107025 42.62880423164096, 13.28974515698723 42.62892328812858))
POLYGON((13.28952092635447 42.62885910584467, 13.28943281193134 42.62888386573199, 13.28940682329969 42.62877873199984, 13.28949673453719 42.62875675459979, 13.28952092635447 42.62885910584467))
POLYGON((13.28932145278617 42.62890099755207, 13.28932716309312 42.62893383435377, 13.28921580442863 42.62894097195431, 13.28919867198393 42.62882961359393, 13.28930169798471 42.62880442912758, 13.28932145278617 42.62890099755207))
POLYGON((13.28943281193134 42.62888386573199, 13.28932145278617 42.62890099755207, 13.28930169798471 42.62880442912758, 13.28940682329969 42.62877873199984, 13.28943281193134 42.62888386573199))
POLYGON((13.28957686518829 42.62884338673055, 13.28952092635447 42.62885910584467, 13.28949673453719 42.62875675459979, 13.28958414487141 42.62873538726462, 13.28960556027453 42.62883532412332, 13.28957686518829 42.62884338673055))
POLYGON((13.2892291299515 42.62926124859839, 13.28917482636781 42.62926947611246, 13.28916773939834 42.62922270099286, 13.28922204294197 42.62921447348138, 13.2892291299515 42.62926124859839))
POLYGON((13.28963554115217 42.62917796656333, 13.28926620174167 42.62927336788604, 13.28924864122671 42.62916654543665, 13.28959269899683 42.62906764627069, 13.28963554115217 42.62917796656333))
POLYGON((13.28977117199307 42.6291751110188, 13.2897929863743 42.62926298754295, 13.28929146921544 42.62939641239104, 13.28926620174167 42.62927336788604, 13.28963554115217 42.62917796656333, 13.28964981873443 42.6292108034104, 13.28977117199307 42.6291751110188))
POLYGON((13.28977117199307 42.6291751110188, 13.28964981873443 42.6292108034104, 13.28963554115217 42.62917796656333, 13.28959269899683 42.62906764627069, 13.28960127751477 42.62906517994221, 13.28987997393081 42.62898531996756, 13.28993678155095 42.62913228156497, 13.28983541672441 42.62915940774074, 13.28977117199307 42.6291751110188))
POLYGON((13.29005192080454 42.62919409954402, 13.28986601618847 42.62924355754041, 13.28983541672441 42.62915940774074, 13.28993678155095 42.62913228156497, 13.29001530320584 42.62911372143046, 13.29003320304609 42.62915301240441, 13.29005192080454 42.62919409954402))
POLYGON((13.29001530320584 42.62911372143046, 13.28993678155095 42.62913228156497, 13.28987997393081 42.62898531996756, 13.28993760651293 42.62896880558103, 13.28998103893179 42.62907945695172, 13.29000531000959 42.62907231787914, 13.29001530320584 42.62911372143046))
POLYGON((13.29009382511325 42.62908802361514, 13.29001530320584 42.62911372143046, 13.29000531000959 42.62907231787914, 13.28998103893179 42.62907945695172, 13.28993760651293 42.62896880558103, 13.29002317527242 42.62894428556341, 13.29007493469266 42.62904959047852, 13.29009382511325 42.62908802361514))
POLYGON((13.29011352074588 42.62913125600709, 13.2901323949233 42.6291726894729, 13.29005192080454 42.62919409954402, 13.29003320304609 42.62915301240441, 13.29011352074588 42.62913125600709))
POLYGON((13.29011352074588 42.62913125600709, 13.29003320304609 42.62915301240441, 13.29001530320584 42.62911372143046, 13.29009382511325 42.62908802361514, 13.29011352074588 42.62913125600709))
POLYGON((13.29015824367111 42.62903006250183, 13.29007493469266 42.62904959047852, 13.29002317527242 42.62894428556341, 13.29010518062797 42.62892078751987, 13.29015093196993 42.62901521160873, 13.29015824367111 42.62903006250183))
POLYGON((13.29013876606799 42.62916055894171, 13.29012518689978 42.6291279937362, 13.29011352074588 42.62913125600709, 13.29009382511325 42.62908802361514, 13.29007493469266 42.62904959047852, 13.29015824367111 42.62903006250183, 13.29016625490957 42.62901918388096, 13.29020533123695 42.62900953446978, 13.29024251405663 42.62900053848281, 13.29024521610288 42.62899988450761, 13.29026293248091 42.62903171538776, 13.29026695647258 42.62903894640787, 13.290307919014 42.62911297119781, 13.29013876606799 42.62916055894171))
POLYGON((13.28833590386936 42.62877104523463, 13.28823631938449 42.62879875133096, 13.28819644377721 42.62860975109386, 13.28868500112506 42.6284705324535, 13.28871029766995 42.62854920373108, 13.28865605594389 42.62855319131216, 13.28865605592295 42.6286079779855, 13.28857325132167 42.62861315339624, 13.28843338561945 42.62863672675758, 13.28831912449993 42.62865598452317, 13.28833590386936 42.62877104523463))
POLYGON((13.28837680512761 42.62898240028709, 13.28826910600423 42.62900649107083, 13.28823784529918 42.62884817291395, 13.28834629108393 42.62881792015817, 13.28835919875915 42.62887815434291, 13.28843088379954 42.62885969034173, 13.28844343132013 42.62891384593532, 13.28836633638922 42.62893097825489, 13.28837680512761 42.62898240028709))
POLYGON((13.28884124381684 42.62867450989485, 13.28898166535805 42.62863687710065, 13.28902846600839 42.62885082354572, 13.28878391545461 42.62891603743814, 13.28875477096122 42.62881814533035, 13.28887601754418 42.62880534295847, 13.28886745138633 42.62877250669326, 13.28884124381684 42.62867450989485))
POLYGON((13.28886745138633 42.62877250669326, 13.28864616085165 42.62881105448641, 13.28862474679865 42.6287325312643, 13.28884124381684 42.62867450989485, 13.28886745138633 42.62877250669326))
POLYGON((13.28878391545461 42.62891603743814, 13.28867747335215 42.62894442132112, 13.28864616083465 42.62882961358598, 13.28875477096122 42.62881814533035, 13.28878391545461 42.62891603743814))
POLYGON((13.28864169389721 42.62896757344613, 13.28854316186249 42.62899384837619, 13.28853765868752 42.62897238116849, 13.28850767623033 42.62889671425774, 13.28860801631888 42.6288672028398, 13.28864169389721 42.62896757344613))
POLYGON((13.28846627415731 42.62896238745825, 13.2884719847329 42.62898523018203, 13.28847745493863 42.62901137067003, 13.28828044211347 42.6290639065184, 13.28826910600423 42.62900649107083, 13.28837680512761 42.62898240028709, 13.28846627415731 42.62896238745825))
POLYGON((13.28846627415731 42.62896238745825, 13.28837680512761 42.62898240028709, 13.28836633638922 42.62893097825489, 13.28844343132013 42.62891384593532, 13.28846627415731 42.62896238745825))
POLYGON((13.28848470294935 42.62929584410389, 13.28847933733663 42.62929716965603, 13.2883583853772 42.629327706614, 13.28828924214238 42.62907089109785, 13.28840901910442 42.62904142719747, 13.28843678099826 42.62911174599859, 13.28844457148785 42.62914569006571, 13.28848470294935 42.62929584410389))
POLYGON((13.28874786715072 42.62895327623097, 13.28901450247013 42.62888101066354, 13.28907151003024 42.62911617124466, 13.28877501921904 42.62922091348634, 13.2887503820705 42.62914798488015, 13.28881605537011 42.62912799806764, 13.28880606086513 42.6290623250109, 13.28892455877638 42.62903662730417, 13.28891028279918 42.62898523039082, 13.28877426752221 42.62902563052791, 13.28874786715072 42.62895327623097))
POLYGON((13.28878036341104 42.62904233735341, 13.28859403519297 42.62908925465371, 13.28855621856407 42.6290052182036, 13.28874786715072 42.62895327623097, 13.28877426752221 42.62902563052791, 13.28878036341104 42.62904233735341))
POLYGON((13.28877501921904 42.62922091348634, 13.28858048797436 42.62927219285847, 13.28854194153294 42.62916654529961, 13.28862046363949 42.62914798522959, 13.28859403519297 42.62908925465371, 13.28878036341104 42.62904233735341, 13.28880606086513 42.6290623250109, 13.28881605537011 42.62912799806764, 13.2887503820705 42.62914798488015, 13.28877501921904 42.62922091348634))
POLYGON((13.28731766081424 42.63100667448464, 13.28721992189023 42.63105920886302, 13.28719304390856 42.6310213357179, 13.2872932268758 42.6309712432348, 13.28731766081424 42.63100667448464))
POLYGON((13.28748504054829 42.6309052692671, 13.28742151000632 42.63099445731326, 13.28733720900181 42.6309602480301, 13.28737997091058 42.63087839140183, 13.28748504054829 42.6309052692671))
POLYGON((13.28777508270785 42.6305898739918, 13.28761332453399 42.63073666862705, 13.28750214549533 42.63065481111848, 13.28737874890011 42.63073911194201, 13.2873384309669 42.63074644185266, 13.28729444835678 42.6307330028784, 13.28726634782454 42.63071712050349, 13.28715516956218 42.63078065108764, 13.28704032541391 42.63065725524882, 13.28737264069551 42.63043611898016, 13.2875265239342 42.63039691343793, 13.28758033737875 42.63046055365985, 13.28767563400105 42.63051919743368, 13.28770006809229 42.63049964923836, 13.28772816876942 42.63052041960516, 13.28770984208964 42.63053752321186, 13.28775742136924 42.63057372544911, 13.28777508270785 42.6305898739918))
POLYGON((13.2875265239342 42.63039691343793, 13.28737264069551 42.63043611898016, 13.28731888281152 42.63031638706324, 13.28723702671849 42.63033349244238, 13.28722969621198 42.63031272187954, 13.28740829582773 42.63026696911457, 13.28742151053258 42.63029806131399, 13.28743983699599 42.6302943964107, 13.2875265239342 42.63039691343793))
POLYGON((13.2878686698504 42.63044100643789, 13.28789066090747 42.63048498853752, 13.28777508270785 42.6305898739918, 13.28775742136924 42.63057372544911, 13.2878369029711 42.63050209292261, 13.28780513849002 42.63047399330128, 13.28782468599372 42.63045933216556, 13.2878686698504 42.63044100643789))
POLYGON((13.2878686698504 42.63044100643789, 13.28782468599372 42.63045933216556, 13.28764386737637 42.63024308361226, 13.28762554170087 42.63021131706973, 13.28762309842043 42.63019421362937, 13.28783568181138 42.63013312609616, 13.28788577392261 42.63021498327197, 13.28783445985591 42.63024063963479, 13.2879774040724 42.63042756591612, 13.28794441706448 42.63045322341549, 13.28791998287651 42.63041534914487, 13.2878686698504 42.63044100643789))
POLYGON((13.28743983699599 42.6302943964107, 13.28742151053258 42.63029806131399, 13.28740829582773 42.63026696911457, 13.28762554170087 42.63021131706973, 13.28764386737637 42.63024308361226, 13.28743983699599 42.6302943964107))
POLYGON((13.28817166191276 42.63027362628613, 13.28809591384921 42.63029806116004, 13.28799939665811 42.63013068258043, 13.28807270005309 42.63010746927398, 13.2881494589618 42.63023634644415, 13.28817166191276 42.63027362628613))
POLYGON((13.2881494589618 42.63023634644415, 13.28839035419294 42.63018199557834, 13.28842334154933 42.63025652230883, 13.28836225387891 42.63027240524735, 13.28835736734013 42.63026140964902, 13.28830727689031 42.63027851323252, 13.28830238979452 42.63026873964753, 13.28824618884416 42.63028706666105, 13.28824130178207 42.63027729217346, 13.28818998815954 42.63029684038352, 13.28817166191276 42.63027362628613, 13.2881494589618 42.63023634644415))
POLYGON((13.28909652440145 42.63010136040106, 13.28902321882024 42.63012213028355, 13.28900611443063 42.63007936957911, 13.28862859578029 42.63021253927423, 13.28859316477654 42.6301233523232, 13.28870434381219 42.63009280868528, 13.28868968205186 42.63005615672845, 13.28901955479739 42.62994009031866, 13.28904238254167 42.62998792097447, 13.28909652440145 42.63010136040106))
POLYGON((13.28919792819877 42.63007448221713, 13.28909652440145 42.63010136040106, 13.28904238254167 42.62998792097447, 13.28913806400967 42.6299669684206, 13.28919792819877 42.63007448221713))
POLYGON((13.28924435509527 42.63006226384751, 13.28926756785049 42.63010869087386, 13.28911973708403 42.63014778655521, 13.28909652440145 42.63010136040106, 13.28919792819877 42.63007448221713, 13.28924435509527 42.63006226384751))
POLYGON((13.28924435509527 42.63006226384751, 13.28919792819877 42.63007448221713, 13.28913806400967 42.6299669684206, 13.28912951091983 42.62994619862515, 13.28926145926836 42.62990710343979, 13.28933232195091 42.6300353865572, 13.28924435509527 42.63006226384751))
POLYGON((13.2895497910122 42.6299547515812, 13.28950947499575 42.62997063285484, 13.28952046986191 42.62999384621508, 13.28943861285557 42.63002927721642, 13.28942517367537 42.63000972943569, 13.28933232195091 42.6300353865572, 13.28926145926836 42.62990710343979, 13.28923946896768 42.62986800700354, 13.28935919909644 42.62983624145308, 13.28934820309757 42.6298130280601, 13.28944105692036 42.62978737095521, 13.28944838621658 42.62980691933779, 13.28952780040691 42.62978492833137, 13.28958888723174 42.62989488532421, 13.28953049273806 42.62992083835124, 13.2895497910122 42.6299547515812))
POLYGON((13.28934820309757 42.6298130280601, 13.28925657280205 42.62983501928184, 13.28923213794882 42.62972017486604, 13.28968784960312 42.62959189184232, 13.28972816589334 42.62970673647734, 13.28944105692036 42.62978737095521, 13.28934820309757 42.6298130280601))
POLYGON((13.29001161130101 42.62984601543329, 13.28989432472441 42.62987655920608, 13.28987355409046 42.62983624106659, 13.28978681040773 42.62985578958577, 13.28972083607195 42.62972750589648, 13.28990409827898 42.6296725271416, 13.2899600965404 42.62976288889507, 13.29001161130101 42.62984601543329))
POLYGON((13.2899600965404 42.62976288889507, 13.2902241948232 42.62965053591241, 13.29033170892161 42.6298350194384, 13.2900726988895 42.62993642429717, 13.29001161130101 42.62984601543329, 13.2899600965404 42.62976288889507))
POLYGON((13.29007880715533 42.62957600935359, 13.28992120293617 42.62963098786302, 13.2898759987399 42.62953813518742, 13.29004215542301 42.62949415206688, 13.29007880715533 42.62957600935359))
POLYGON((13.29021808664253 42.62944650446383, 13.29025596157715 42.62951736552763, 13.29008369410689 42.62958944893489, 13.29007880715533 42.62957600935359, 13.29004215542301 42.62949415206688, 13.29021808664253 42.62944650446383))
POLYGON((13.29011600510355 42.62934616674966, 13.29002627224243 42.62936953411747, 13.29001472115195 42.62934712387971, 13.28996518514934 42.62925102497533, 13.29018754315975 42.6291936036784, 13.29024007874946 42.62934509947267, 13.29015333448075 42.62936220421607, 13.29014356021185 42.62933899112554, 13.29011600510355 42.62934616674966))
POLYGON((13.29011600510355 42.62934616674966, 13.29014722543304 42.62943184314125, 13.29001772064369 42.62946971689139, 13.28996396377785 42.62935731744692, 13.29001472115195 42.62934712387971, 13.29002627224243 42.62936953411747, 13.29011600510355 42.62934616674966))
POLYGON((13.29001772064369 42.62946971689139, 13.28989798909844 42.62950148311426, 13.28986500190344 42.62943184309432, 13.28980269397295 42.6294465045732, 13.28973725782559 42.62932850761402, 13.28972816651636 42.62931211272147, 13.2898894376699 42.62926446463697, 13.28994319435941 42.62935976027813, 13.28996396377785 42.62935731744692, 13.29001772064369 42.62946971689139))
POLYGON((13.28949690201361 42.62961472259111, 13.28922725085708 42.62969085343586, 13.28918082397616 42.62945872190026, 13.28937781097452 42.62941262383733, 13.28943006079713 42.6295393573531, 13.28946549178118 42.62953324868289, 13.28949690201361 42.62961472259111))
POLYGON((13.28989798909844 42.62950148311426, 13.28967889975815 42.62956333915282, 13.2896524179126 42.62948193528813, 13.28961454496687 42.62948926559471, 13.2895534510063 42.62937152158798, 13.28973725782559 42.62932850761402, 13.28980269397295 42.6294465045732, 13.28986500190344 42.62943184309432, 13.28989798909844 42.62950148311426))
POLYGON((13.28958954966598 42.6295885651903, 13.28949690201361 42.62961472259111, 13.28946549178118 42.62953324868289, 13.28943006079713 42.6295393573531, 13.28937781097452 42.62941262383733, 13.28946909286993 42.62939126218818, 13.28954857036324 42.6295027050865, 13.28958954966598 42.6295885651903))
POLYGON((13.28967889975815 42.62956333915282, 13.28958954966598 42.6295885651903, 13.28954857036324 42.6295027050865, 13.28946909286993 42.62939126218818, 13.2895534510063 42.62937152158798, 13.28961454496687 42.62948926559471, 13.2896524179126 42.62948193528813, 13.28967889975815 42.62956333915282))
POLYGON((13.28868155180592 42.62932310264671, 13.28908675030616 42.62921437247226, 13.28912462392242 42.62941962593376, 13.28899299358794 42.62945876624184, 13.28897190585936 42.6293817518572, 13.28891081826958 42.62939152587425, 13.2889193699639 42.62942329118267, 13.28882163194013 42.62944161749363, 13.28875321319822 42.62945261288357, 13.28868155180592 42.62932310264671))
POLYGON((13.28876325252769 42.62948473813015, 13.28880697057061 42.62947216157439, 13.28881946045387 42.62951036600963, 13.28847954187822 42.62961144004183, 13.28846504602355 42.62957052290448, 13.28856844118226 42.62954077891634, 13.28863214993893 42.62952245225735, 13.28869348999572 42.62950480609474, 13.28876325252769 42.62948473813015))
POLYGON((13.28899299358794 42.62945876624184, 13.28887229737221 42.62949465493129, 13.28886439222129 42.62947093924369, 13.2888301830641 42.62947460392346, 13.28882163194013 42.62944161749363, 13.2889193699639 42.62942329118267, 13.28891081826958 42.62939152587425, 13.28897190585936 42.6293817518572, 13.28899299358794 42.62945876624184))
POLYGON((13.28858048797436 42.62927219285847, 13.28848470294935 42.62929584410389, 13.28844457148785 42.62914569006571, 13.28848442900241 42.62913495966918, 13.28852963347624 42.62912518537803, 13.28854194153294 42.62916654529961, 13.28858048797436 42.62927219285847))
POLYGON((13.28859403519297 42.62908925465371, 13.28862046363949 42.62914798522959, 13.28854194153294 42.62916654529961, 13.28852963347624 42.62912518537803, 13.28848398171437 42.62902298692934, 13.28855621856407 42.6290052182036, 13.28859403519297 42.62908925465371))
POLYGON((13.28852963347624 42.62912518537803, 13.28848442900241 42.62913495966918, 13.28847221104957 42.629101972449, 13.28843678099826 42.62911174599859, 13.28840901910442 42.62904142719747, 13.28848398171437 42.62902298692934, 13.28852963347624 42.62912518537803))
POLYGON((13.28901249431574 42.62992493422536, 13.2887668728158 42.63000450907838, 13.28871677587368 42.62986302067751, 13.28895295086654 42.62979851931964, 13.28901249431574 42.62992493422536))
POLYGON((13.2887668728158 42.63000450907838, 13.28866402532735 42.63003782933893, 13.28860904755512 42.62989244249655, 13.28871677587368 42.62986302067751, 13.2887668728158 42.63000450907838))
POLYGON((13.28895295086654 42.62979851931964, 13.28919059861176 42.62973361532003, 13.28922969431579 42.6298545673231, 13.28901249431574 42.62992493422536, 13.28895295086654 42.62979851931964))
POLYGON((13.28870312084493 42.62976782296376, 13.28855685187658 42.62980134354035, 13.28850031178638 42.62964320515395, 13.28880666599577 42.62956468325363, 13.28884973113344 42.62967497113894, 13.28886045114623 42.62969952585369, 13.28886921461614 42.62971960089929, 13.28888926729692 42.62976553412721, 13.2888035978331 42.62978895403452, 13.28877520499229 42.6297152885235, 13.28868601722298 42.62973483661322, 13.28870312084493 42.62976782296376))
POLYGON((13.28900696546637 42.62951334558718, 13.28912951090993 42.62948193571706, 13.28917822591637 42.62968653791742, 13.28906309790061 42.62971801271528, 13.28900696546637 42.62951334558718))
POLYGON((13.28906309790061 42.62971801271528, 13.28888926729692 42.62976553412721, 13.28886921461614 42.62971960089929, 13.28896335385319 42.62969207496692, 13.28895357995764 42.62966886268316, 13.28886045114623 42.62969952585369, 13.28884973113344 42.62967497113894, 13.28880666599577 42.62956468325363, 13.28900696546637 42.62951334558718, 13.28906309790061 42.62971801271528))
POLYGON((13.28871789387803 42.6298123841685, 13.2885747884154 42.62985150652593, 13.28855685187658 42.62980134354035, 13.28870312084493 42.62976782296376, 13.28871789387803 42.6298123841685))
POLYGON((13.2888035978331 42.62978895403452, 13.28871789387803 42.6298123841685, 13.28870312084493 42.62976782296376, 13.28868601722298 42.62973483661322, 13.28877520499229 42.6297152885235, 13.2888035978331 42.62978895403452))
POLYGON((13.28819214431592 42.62968285101149, 13.28813378868024 42.62969696188981, 13.28813760057903 42.62971112212099, 13.28796672014829 42.62975612240559, 13.2879517479329 42.62971528813771, 13.28797251800979 42.62970918050668, 13.28794563909395 42.62964198434177, 13.28792364770299 42.62964931464667, 13.28787362389279 42.6295214745548, 13.28810039756018 42.62946937164166, 13.288166775256 42.62961266247742, 13.28819214431592 42.62968285101149))
POLYGON((13.28767184890666 42.62983377451165, 13.28737019620057 42.62991321106834, 13.28734209650892 42.62977759738609, 13.28737731680537 42.62976908899264, 13.28753873541197 42.62973009245959, 13.28754857094769 42.62976415811409, 13.28763775925798 42.62974949721509, 13.28767184890666 42.62983377451165))
POLYGON((13.28796672014829 42.62975612240559, 13.28779580878071 42.62980113007635, 13.28774527242385 42.62967130649888, 13.28770006868284 42.62968107958842, 13.28766471988921 42.62956947119009, 13.28787362389279 42.6295214745548, 13.28792364770299 42.62964931464667, 13.28794563909395 42.62964198434177, 13.28797251800979 42.62970918050668, 13.2879517479329 42.62971528813771, 13.28796672014829 42.62975612240559))
POLYGON((13.28825794688172 42.62966694046896, 13.28819214431592 42.62968285101149, 13.288166775256 42.62961266247742, 13.28823630933291 42.62959746961118, 13.28825794688172 42.62966694046896))
POLYGON((13.28833446445117 42.62964843799163, 13.28825794688172 42.62966694046896, 13.28823630933291 42.62959746961118, 13.28831216297439 42.62958089607441, 13.28833446445117 42.62964843799163))
POLYGON((13.28810039756018 42.62946937164166, 13.28834881579595 42.62941229571184, 13.2884205871635 42.62962761334187, 13.28833446445117 42.62964843799163, 13.28831216297439 42.62958089607441, 13.28823630933291 42.62959746961118, 13.288166775256 42.62961266247742, 13.28810039756018 42.62946937164166))
POLYGON((13.28779580878071 42.62980113007635, 13.28767184890666 42.62983377451165, 13.28763775925798 42.62974949721509, 13.28754857094769 42.62976415811409, 13.28753873541197 42.62973009245959, 13.28750308199845 42.62960660952525, 13.28766471988921 42.62956947119009, 13.28770006868284 42.62968107958842, 13.28774527242385 42.62967130649888, 13.28779580878071 42.62980113007635))
POLYGON((13.28739221552314 42.630134516842, 13.28726637571877 42.63013940439659, 13.28725782382919 42.63006854230549, 13.28721261949783 42.63007098665042, 13.28718940590147 42.62995003284625, 13.28724074943345 42.62994549202164, 13.28730828242567 42.62993952007708, 13.28736900245472 42.62993415043427, 13.28745574623125 42.63012596437149, 13.28739221552314 42.630134516842))
POLYGON((13.28739221552314 42.630134516842, 13.2874154279621 42.63021759504755, 13.28715886211536 42.6302872356018, 13.28712220998841 42.63014429150505, 13.28726637571877 42.63013940439659, 13.28739221552314 42.630134516842))
POLYGON((13.28724074943345 42.62994549202164, 13.28718940590147 42.62995003284625, 13.28718207511345 42.62991704653782, 13.28723094566228 42.62990849467994, 13.28724074943345 42.62994549202164))
POLYGON((13.28736900245472 42.62993415043427, 13.28730828242567 42.62993952007708, 13.28730547099302 42.62990605023107, 13.28735434171663 42.62990482866596, 13.28736900245472 42.62993415043427))
POLYGON((13.28774960701996 42.62997909712549, 13.28778925524595 42.63007326069276, 13.28770617594373 42.63009403040443, 13.28766708087253 42.62999873320248, 13.28756323280802 42.63003294254929, 13.28760232873911 42.63010013865045, 13.28764020215094 42.63008792092313, 13.28764997588402 42.63012090860518, 13.28752902396109 42.63014412153929, 13.28741686496056 42.62994216764896, 13.28770128924642 42.62986434110736, 13.28771147716171 42.62988853856579, 13.28774960701996 42.62997909712549))
POLYGON((13.2884365904717 42.62989902747418, 13.2883362842347 42.62992052088721, 13.28829139391656 42.62980081117114, 13.28824966727833 42.62972234452839, 13.28834123095284 42.62970150039705, 13.2884365904717 42.62989902747418))
POLYGON((13.28781124700829 42.62996330291713, 13.28774960701996 42.62997909712549, 13.28771147716171 42.62988853856579, 13.28777369356797 42.62987195602262, 13.28781124700829 42.62996330291713))
POLYGON((13.28808041864113 42.62980475952488, 13.288022609871 42.62982035899704, 13.28801772213044 42.62980691931761, 13.28800917055499 42.62978370631402, 13.2880641486628 42.62976904521926, 13.28808041864113 42.62980475952488))
POLYGON((13.2882212239662 42.62994517700712, 13.2881397700015 42.62996263214831, 13.28811424005908 42.62987900253858, 13.28818876583246 42.62985945458742, 13.2882212239662 42.62994517700712))
POLYGON((13.2881397700015 42.62996263214831, 13.28783445992464 42.63002805519112, 13.28781124700829 42.62996330291713, 13.28777369356797 42.62987195602262, 13.28801772213044 42.62980691931761, 13.288022609871 42.62982035899704, 13.28808041864113 42.62980475952488, 13.28811424005908 42.62987900253858, 13.2881397700015 42.62996263214831))
POLYGON((13.2883362842347 42.62992052088721, 13.2882212239662 42.62994517700712, 13.28818876583246 42.62985945458742, 13.28817929404576 42.6298371094654, 13.28829139391656 42.62980081117114, 13.2883362842347 42.62992052088721))
POLYGON((13.28834123095284 42.62970150039705, 13.28844166829561 42.62967863652394, 13.28853574228393 42.62987778147924, 13.2884365904717 42.62989902747418, 13.28834123095284 42.62970150039705))
POLYGON((13.28829139391656 42.62980081117114, 13.28817929404576 42.6298371094654, 13.28814111812751 42.6297470546557, 13.28824966727833 42.62972234452839, 13.28829139391656 42.62980081117114))
POLYGON((13.28722333107391 42.62959588666146, 13.28702040293042 42.62963980291406, 13.28697988801807 42.62953513940176, 13.28704990832321 42.62951987798363, 13.28703563287469 42.62948656626814, 13.28696830394976 42.62950521161309, 13.28693474280378 42.6294185132714, 13.28712384927835 42.62937616090938, 13.28715384533338 42.62943211389491, 13.28711653365665 42.62944849492636, 13.28713318904866 42.62947466947477, 13.28717602073596 42.62947347924129, 13.28722333107391 42.62959588666146))
POLYGON((13.28737446685521 42.62948989717938, 13.2872926138307 42.6293271426759, 13.28747583226107 42.62927241570085, 13.28757576924002 42.62950560193116, 13.28740302089707 42.62955699785471, 13.28737446685521 42.62948989717938))
POLYGON((13.28725348635172 42.6294579859384, 13.28717602073596 42.62947347924129, 13.28715384533338 42.62943211389491, 13.28712384927835 42.62937616090938, 13.28720885592228 42.62935712334764, 13.28725348635172 42.6294579859384))
POLYGON((13.28696830394976 42.62950521161309, 13.28703563287469 42.62948656626814, 13.28704990832321 42.62951987798363, 13.28697988801807 42.62953513940176, 13.28696830394976 42.62950521161309))
POLYGON((13.28731689200448 42.62957563785205, 13.28722333107391 42.62959588666146, 13.28717602073596 42.62947347924129, 13.28725348635172 42.6294579859384, 13.28728024048894 42.62951845161272, 13.28729480923687 42.62951403622733, 13.28731689200448 42.62957563785205))
POLYGON((13.28740302089707 42.62955699785471, 13.28731689200448 42.62957563785205, 13.28729480923687 42.62951403622733, 13.28737446685521 42.62948989717938, 13.28740302089707 42.62955699785471))
POLYGON((13.28778794604846 42.62946570965746, 13.28761384084229 42.62950798122117, 13.28756149229633 42.62938187038009, 13.2876494437607 42.62936475233183, 13.28773876223163 42.62934736828282, 13.28776731684845 42.62941161328619, 13.28778794604846 42.62946570965746))
POLYGON((13.28799455436106 42.62941994152089, 13.28790294512484 42.62943778771967, 13.28788153073564 42.62938781848359, 13.28776731684845 42.62941161328619, 13.28773876223163 42.62934736828282, 13.2876494437607 42.62936475233183, 13.28760313325569 42.62924624042957, 13.28783632018042 42.62919389261838, 13.28784181126605 42.62920685143579, 13.28786606297564 42.62926408627556, 13.28783156135958 42.62927241555213, 13.28785416654209 42.62932000447832, 13.28794458654424 42.62929263991102, 13.28799455436106 42.62941994152089))
POLYGON((13.28813851269703 42.62937948993632, 13.28799455436106 42.62941994152089, 13.28794458654424 42.62929263991102, 13.28800987271157 42.62927250999408, 13.2880873533814 42.62924862067487, 13.28813851269703 42.62937948993632))
POLYGON((13.28799336538298 42.62925337905736, 13.28787796160603 42.62928669103567, 13.28786606297564 42.62926408627556, 13.28784181126605 42.62920685143579, 13.28795410468826 42.62917128759242, 13.28799336538298 42.62925337905736))
POLYGON((13.2880873533814 42.62924862067487, 13.28800987271157 42.62927250999408, 13.28799336538298 42.62925337905736, 13.28795410468826 42.62917128759242, 13.28824677733989 42.62909038607658, 13.28828008985318 42.62919627250031, 13.28820738630187 42.62921601885135, 13.2880873533814 42.62924862067487))
POLYGON((13.28824972171244 42.62932600968887, 13.28825748481864 42.62934617789492, 13.28813851269703 42.62937948993632, 13.2880873533814 42.62924862067487, 13.28820738630187 42.62921601885135, 13.28823321424899 42.62928312090582, 13.28824972171244 42.62932600968887))
POLYGON((13.28828008979908 42.62926884560696, 13.28829317752555 42.6293092959604, 13.28824972171244 42.62932600968887, 13.28823321424899 42.62928312090582, 13.28828008979908 42.62926884560696))
POLYGON((13.28828008979908 42.62926884560696, 13.28823321424899 42.62928312090582, 13.28820738630187 42.62921601885135, 13.28828008985318 42.62919627250031, 13.28829793581976 42.62926289683529, 13.28828008979908 42.62926884560696))
POLYGON((13.28797789779264 42.62896427466008, 13.28779705897823 42.62900115612194, 13.28777207584596 42.62893929059325, 13.28795529374645 42.62889764939087, 13.28797789779264 42.62896427466008))
POLYGON((13.28795529374645 42.62889764939087, 13.28818848030696 42.62884530084946, 13.28823606999162 42.62903089888985, 13.28820751616964 42.62907135005759, 13.28811947610976 42.62909038625013, 13.28808116790295 42.62898270869119, 13.28807545676487 42.6289666541629, 13.28798384699989 42.62898450042169, 13.28797789779264 42.62896427466008, 13.28795529374645 42.62889764939087))
POLYGON((13.28811947610976 42.62909038625013, 13.28793161872612 42.62913776590224, 13.28791841271345 42.62909514525382, 13.28796243217186 42.62908562723494, 13.28793495854906 42.62900801560468, 13.28808116790295 42.62898270869119, 13.28811947610976 42.62909038625013))
POLYGON((13.28793161872612 42.62913776590224, 13.28785059749107 42.62915819997271, 13.28783091751428 42.62911285207628, 13.28791841271345 42.62909514525382, 13.28793161872612 42.62913776590224))
POLYGON((13.28791841271345 42.62909514525382, 13.28783091751428 42.62911285207628, 13.28779586945521 42.62903208968165, 13.28793495854906 42.62900801560468, 13.28796243217186 42.62908562723494, 13.28791841271345 42.62909514525382))
POLYGON((13.28876465961439 42.62859975694767, 13.28878026456092 42.6286474185119, 13.2886786713044 42.62867568212998, 13.28866462295022 42.62860744320022, 13.28865605592295 42.6286079779855, 13.28865605594389 42.62855319131216, 13.28871029766995 42.62854920373108, 13.28875313849637 42.62854605348044, 13.28876465961439 42.62859975694767))
POLYGON((13.2886786713044 42.62867568212998, 13.28845751339239 42.6287372113613, 13.28844618857582 42.62868596565348, 13.28843338561945 42.62863672675758, 13.28857325132167 42.62861315339624, 13.28865605592295 42.6286079779855, 13.28866462295022 42.62860744320022, 13.2886786713044 42.62867568212998))
POLYGON((13.28868500112506 42.6284705324535, 13.2887375339565 42.62845556253085, 13.28894311829654 42.62839988319917, 13.288963106614 42.62842700961379, 13.28898309321676 42.62856121036814, 13.28876465961439 42.62859975694767, 13.28875313849637 42.62854605348044, 13.28871029766995 42.62854920373108, 13.28868500112506 42.6284705324535))
POLYGON((13.28840359157405 42.62875221352821, 13.28833590386936 42.62877104523463, 13.28831912449993 42.62865598452317, 13.28843338561945 42.62863672675758, 13.28844618857582 42.62868596565348, 13.2883919360018 42.62869310301387, 13.28840359157405 42.62875221352821))
POLYGON((13.28845751339239 42.6287372113613, 13.28840359157405 42.62875221352821, 13.2883919360018 42.62869310301387, 13.28844618857582 42.62868596565348, 13.28845751339239 42.6287372113613))
POLYGON((13.28856844118226 42.62954077891634, 13.28846504602355 42.62957052290448, 13.28844226311908 42.62950621483769, 13.28854317489778 42.62947701730639, 13.28856844118226 42.62954077891634))
POLYGON((13.28863214993893 42.62952245225735, 13.28856844118226 42.62954077891634, 13.28854317489778 42.62947701730639, 13.28844226311908 42.62950621483769, 13.28840379471847 42.62939763446412, 13.28868155180592 42.62932310264671, 13.28875321319822 42.62945261288357, 13.28876325252769 42.62948473813015, 13.28869348999572 42.62950480609474, 13.28868479499467 42.62947582668107, 13.288624930693 42.62949048710791, 13.28863214993893 42.62952245225735))
POLYGON((13.28958888723174 42.62989488532421, 13.28960721383801 42.62988755490326, 13.28965852693014 42.62996819041172, 13.28958155703708 42.63000850694759, 13.2895497910122 42.6299547515812, 13.28953049273806 42.62992083835124, 13.28958888723174 42.62989488532421))
POLYGON((13.28734209650892 42.62977759738609, 13.28716616575399 42.62979714571898, 13.2871417300463 42.62968963209769, 13.28728296396012 42.62965718351511, 13.28731569080681 42.62974808917746, 13.28734209650892 42.62977759738609))
POLYGON((13.28736423121476 42.62973809597417, 13.28731569080681 42.62974808917746, 13.28728296396012 42.62965718351511, 13.28733570282227 42.62964506661156, 13.28736423121476 42.62973809597417))
POLYGON((13.28753873541197 42.62973009245959, 13.28737731680537 42.62976908899264, 13.28736423121476 42.62973809597417, 13.28733570282227 42.62964506661156, 13.28750308199845 42.62960660952525, 13.28753873541197 42.62973009245959))
POLYGON((13.28790294512484 42.62943778771967, 13.28778794604846 42.62946570965746, 13.28776731684845 42.62941161328619, 13.28788153073564 42.62938781848359, 13.28790294512484 42.62943778771967))
POLYGON((13.288594723923 42.62882758605679, 13.28849768282439 42.62885531147358, 13.28845342574868 42.6288538846637, 13.2884411438969 42.62879145893687, 13.28857049431653 42.62875537401912, 13.288594723923 42.62882758605679))
POLYGON((13.29019290499671 42.62798751050919, 13.29007586566125 42.62799490184882, 13.29006334881207 42.62791980316337, 13.29018948067855 42.62790305144399, 13.29019290499671 42.62798751050919))
POLYGON((13.28632448338762 42.62878465501607, 13.28631183181417 42.62880555891836, 13.28626211636241 42.6287884865683, 13.28624052600426 42.62878107271106, 13.28625113233102 42.6287645742425, 13.28632448338762 42.62878465501607))
POLYGON((13.29474249348518 42.62529475966286, 13.29467601823399 42.6252242333475, 13.29524465182899 42.62493366513204, 13.29527788991072 42.62496896190839, 13.29531552890227 42.62494979320708, 13.29538955039235 42.62502818596889, 13.295209796904 42.62511993071073, 13.29516901421206 42.62507676801262, 13.29474249348518 42.62529475966286))
POLYGON((13.29199881868248 42.62904978522997, 13.29184799035691 42.62920206566938, 13.2916843176836 42.6291141611673, 13.29183523464097 42.62896194620174, 13.29199881868248 42.62904978522997))
POLYGON((13.29122024822272 42.62660426364504, 13.29121926071471 42.62659547320658, 13.29115943250507 42.62659904273372, 13.29114919095927 42.62650644019199, 13.29115907266007 42.62649229614981, 13.2911718296826 42.62648337307768, 13.29118781956126 42.62648238151364, 13.2912039877931 42.62648628160833, 13.29121872156657 42.62649665855403, 13.29139775595072 42.62648238145535, 13.29140988275683 42.62647246737282, 13.29142129141456 42.62646856714958, 13.29143737122089 42.62646856747976, 13.29145614586776 42.62647748997633, 13.29146602780581 42.62649097429978, 13.2914756390445 42.62657676747872, 13.29142461464061 42.62657987411988, 13.29142605194413 42.62659183754469, 13.29122024822272 42.62660426364504))
POLYGON((13.29571227366503 42.62469199756588, 13.29576239912534 42.62472405411558, 13.29582986334122 42.62479134359254, 13.29559899701465 42.62491157508978, 13.29545077389197 42.62473529143077, 13.29553359846452 42.62469999384363, 13.29559234789216 42.62468399930451, 13.29566645906504 42.62467593559942, 13.29571227366503 42.62469199756588))
POLYGON((13.29779133429253 42.62488758262406, 13.29779501698034 42.62489478670067, 13.29767149958587 42.62492955405853, 13.29771012763326 42.62500378200965, 13.29770267044188 42.62500589819775, 13.29771057580392 42.62502129866627, 13.29750225641307 42.62507986099886, 13.29742572086252 42.62510147621851, 13.29738278011369 42.62501878747788, 13.29744772988102 42.62500047792944, 13.29744377632515 42.6249927439032, 13.29751393424148 42.62497304746671, 13.29746596480587 42.62488077436113, 13.29748096693645 42.62487654331952, 13.29747656491603 42.62486808310079, 13.29755382077224 42.62484633626769, 13.2975633423643 42.62486458034434, 13.29775728807001 42.62480998185227, 13.29776133071174 42.62481784867007, 13.29792994427248 42.62477038925193, 13.29792608278842 42.62476285472779, 13.29809101262263 42.624716453389, 13.298082478719 42.62469986210458, 13.29814886424753 42.62468115654286, 13.29819755217811 42.62477488450085, 13.2981844370117 42.62477865198224, 13.29819306179894 42.62479517616873, 13.29821506981235 42.62478896348864, 13.29821219502892 42.62478334556403, 13.29831442384675 42.62475459208855, 13.2983579909947 42.62483813989719, 13.2982155196227 42.62487826268912, 13.29820716380659 42.62486193611592, 13.29812739404821 42.62488447542884, 13.29809038330071 42.62481348655685, 13.29796435025993 42.62484898050459, 13.29795976819304 42.6248401889335, 13.29779133429253 42.62488758262406))
POLYGON((13.29581333481301 42.62503418796711, 13.29562567643667 42.62513088935616, 13.29554842130458 42.62504965516743, 13.29573625883026 42.62495295296702, 13.29581333481301 42.62503418796711))
POLYGON((13.29021808664253 42.62944650446383, 13.29049911457338 42.62938058653799, 13.29053337811388 42.62944625966554, 13.29026783034505 42.62953049237844, 13.29021808664253 42.62944650446383))
POLYGON((13.29075701981281 42.62941283493611, 13.29064994400384 42.62946994272269, 13.29060761717454 42.62939058004405, 13.29071469285787 42.62933347319476, 13.29075701981281 42.62941283493611))
POLYGON((13.29040497115546 42.6293431302613, 13.29027211307286 42.62939058005211, 13.29023348269787 42.62928241211054, 13.29036634055092 42.62923496326032, 13.29040497115546 42.6293431302613))
POLYGON((13.29059191384327 42.6293134851176, 13.29044656806618 42.62936062445797, 13.2904220204233 42.6292849320046, 13.2905673647962 42.62923779357401, 13.29059191384327 42.6293134851176))
POLYGON((13.290590485466 42.62918927749289, 13.29040346052884 42.62925637820884, 13.29033778716749 42.62916643507577, 13.29056142896334 42.62909643914903, 13.290590485466 42.62918927749289))
POLYGON((13.29079755994089 42.62922435666311, 13.29069405440784 42.62929455029814, 13.29060244418099 42.62921007910035, 13.2906643105723 42.62916368028744, 13.29070714133254 42.62920413120031, 13.29074640300251 42.62918628501087, 13.29079755994089 42.62922435666311))
POLYGON((13.29073896439734 42.62909933462682, 13.29066599938071 42.62914265731607, 13.29062332273928 42.62907078005892, 13.29070690312723 42.6290406618538, 13.29073896439734 42.62909933462682))
POLYGON((13.29038347285067 42.62909933385237, 13.29031208792207 42.62911789360989, 13.2902849632221 42.62906649687943, 13.29035349088962 42.62904508212094, 13.29038347285067 42.62909933385237))
POLYGON((13.29046307828869 42.62907521168138, 13.29038347285067 42.62909933385237, 13.29036525733794 42.62903922418319, 13.29044486272984 42.6290151011232, 13.29046307828869 42.62907521168138))
POLYGON((13.29055899284633 42.62904794686774, 13.29046307828869 42.62907521168138, 13.29044603089938 42.62901523923119, 13.29054194412737 42.62898797531203, 13.29055899284633 42.62904794686774))
POLYGON((13.29065187593502 42.62894657232837, 13.29067329165094 42.6290179566692, 13.29055899284633 42.62904794686774, 13.29054194412737 42.62898797531203, 13.29065187593502 42.62894657232837))
POLYGON((13.29065187593502 42.62894657232837, 13.29072754245447 42.62892230203273, 13.29075038529328 42.62898797485962, 13.29067166210722 42.6290121743363, 13.29065187593502 42.62894657232837))
POLYGON((13.29079642860541 42.62890310586976, 13.29083176321369 42.62895085536299, 13.29077893939201 42.62897369797196, 13.29073182601265 42.62890374202014, 13.29077893886341 42.62887947241025, 13.29079642860541 42.62890310586976))
POLYGON((13.29040648766746 42.62898808504452, 13.29026293248091 42.62903171538776, 13.29026086406231 42.6290323437013, 13.29024251405663 42.62900053848281, 13.29023944856009 42.62899522459821, 13.29022599288974 42.62896313672916, 13.29019131786091 42.6288955878551, 13.29033367485332 42.62885531221333, 13.29040648766746 42.62898808504452))
POLYGON((13.29052505015269 42.62894752423244, 13.29040648766746 42.62898808504452, 13.29033367485332 42.62885531221333, 13.29046318415442 42.62881784340552, 13.29052505015269 42.62894752423244))
POLYGON((13.29060238346521 42.62892134995418, 13.29052505015269 42.62894752423244, 13.29046318415442 42.62881784340552, 13.29054289635748 42.62878691023212, 13.29060238346521 42.62892134995418))
POLYGON((13.29075585780569 42.62886305343168, 13.29060238346521 42.62892134995418, 13.29054289635748 42.62878691023212, 13.2906475921055 42.62875478834769, 13.29075585780569 42.62886305343168))
POLYGON((13.29076418592481 42.62881189501744, 13.29072611511342 42.62883093058142, 13.2906475921055 42.62875478834769, 13.29068685424165 42.62873932139398, 13.29076418592481 42.62881189501744))
POLYGON((13.29087958980418 42.62885353515391, 13.29079642860541 42.62890310586976, 13.29077893886341 42.62887947241025, 13.29075585780569 42.62886305343168, 13.29072611511342 42.62883093058142, 13.29076418592481 42.62881189501744, 13.29081058692283 42.62878810015833, 13.29087958980418 42.62885353515391))
POLYGON((13.29081058692283 42.62878810015833, 13.29076418592481 42.62881189501744, 13.29068685424165 42.62873932139398, 13.29074158125545 42.62871314733719, 13.29081058692283 42.62878810015833))
POLYGON((13.29095335323719 42.62880356749295, 13.29087958980418 42.62885353515391, 13.29081058692283 42.62878810015833, 13.29074158125545 42.62871314733719, 13.29082486180451 42.62868340459331, 13.29091159406606 42.62876451497986, 13.29095335323719 42.62880356749295))
POLYGON((13.29098428662006 42.62870362945524, 13.29091159406606 42.62876451497986, 13.29082486180451 42.62868340459331, 13.29092598955155 42.62863343555914, 13.29098428662006 42.62870362945524))
POLYGON((13.29104972116111 42.62876073609854, 13.29098428624952 42.62882379218245, 13.29095335323719 42.62880356749295, 13.29091159406606 42.62876451497986, 13.29098428662006 42.62870362945524, 13.29104972116111 42.62876073609854))
POLYGON((13.29109493081355 42.62864057432992, 13.29098428662006 42.62870362945524, 13.29092598955155 42.62863343555914, 13.29111277754666 42.62856443121482, 13.29109493081355 42.62864057432992))
POLYGON((13.29108175671959 42.62872743057008, 13.29104972116111 42.62876073609854, 13.29098428662006 42.62870362945524, 13.29109493081355 42.62864057432992, 13.29113118574016 42.62867604067487, 13.29108175671959 42.62872743057008))
POLYGON((13.2911996273745 42.62860488223419, 13.29113118574016 42.62867604067487, 13.29109493081355 42.62864057432992, 13.29111277754666 42.62856443121482, 13.2911996273745 42.62860488223419))
POLYGON((13.2911996273745 42.62860488223419, 13.29126387401313 42.62863819423739, 13.2912031976793 42.62871195764783, 13.29113118574016 42.62867604067487, 13.2911996273745 42.62860488223419))
POLYGON((13.2912031976793 42.62871195764783, 13.29114727947851 42.62876549488479, 13.29108175671959 42.62872743057008, 13.29113118574016 42.62867604067487, 13.2912031976793 42.62871195764783))
POLYGON((13.29104972116111 42.62876073609854, 13.29112943333511 42.62880475664834, 13.29107351623 42.6288701926179, 13.29098428624952 42.62882379218245, 13.29104972116111 42.62876073609854))
POLYGON((13.29107351623 42.6288701926179, 13.29100927043452 42.62894157568283, 13.29087958980418 42.62885353515391, 13.29095335323719 42.62880356749295, 13.29098428624952 42.62882379218245, 13.29107351623 42.6288701926179))
POLYGON((13.29125578313588 42.6289951135835, 13.29121021780836 42.62905919026054, 13.29106590280206 42.62895656628717, 13.2911114669785 42.62889248964956, 13.29125578313588 42.6289951135835))
POLYGON((13.29130004194052 42.62893372349977, 13.29125618387034 42.62899539872764, 13.29125578313588 42.6289951135835, 13.2911114669785 42.62889248964956, 13.29115532389522 42.62883081445913, 13.29130004194052 42.62893372349977))
POLYGON((13.29134553103465 42.62886975191092, 13.29130004194052 42.62893372349977, 13.29115532389522 42.62883081445913, 13.29120081427639 42.62876684294614, 13.29130761874839 42.62884279256617, 13.29134553103465 42.62886975191092))
POLYGON((13.29136856998279 42.62877525138923, 13.29147279034282 42.62882379237997, 13.29156844461951 42.62871671662293, 13.29134429947679 42.62856966665082, 13.29140283383486 42.62848828871387, 13.29162412303008 42.62862106213503, 13.29165838720921 42.62856823819414, 13.2917369098912 42.62862677339655, 13.29148849406048 42.62892801308023, 13.29134553103465 42.62886975191092, 13.29130761874839 42.62884279256617, 13.29136856998279 42.62877525138923))
POLYGON((13.29136856998279 42.62877525138923, 13.29130761874839 42.62884279256617, 13.29120081427639 42.62876684294614, 13.29130575179809 42.62863676669379, 13.29142995905273 42.628708149867, 13.29136856998279 42.62877525138923))
POLYGON((13.29031939798034 42.62876822370083, 13.29021810034936 42.62879523955603, 13.29021806896459 42.62879384686224, 13.29021571989896 42.62868935347472, 13.29024283852678 42.62868256394193, 13.2902822788975 42.62867399697625, 13.29031939798034 42.62876822370083))
POLYGON((13.29056669197476 42.62869292186425, 13.29031939798034 42.62876822370083, 13.2902822788975 42.62867399697625, 13.29036365606716 42.62865258130797, 13.29038228356017 42.62869768162944, 13.2905286190296 42.62866079890465, 13.29056669197476 42.62869292186425))
POLYGON((13.2905286190296 42.62866079890465, 13.29038228356017 42.62869768162944, 13.29036365606716 42.62865258130797, 13.29034297098569 42.62860352754386, 13.29043521042703 42.62858174535344, 13.29046318494567 42.6285751387444, 13.2905286190296 42.62866079890465))
POLYGON((13.2904964974548 42.6284847189694, 13.290604761806 42.62846330460179, 13.29068090502977 42.62854301618791, 13.29072492550372 42.62863462526942, 13.29056669197476 42.62869292186425, 13.2905286190296 42.62866079890465, 13.29046318494567 42.6285751387444, 13.29052624012289 42.62855372324393, 13.2904964974548 42.6284847189694))
POLYGON((13.29088196908934 42.62855848192814, 13.29077132394427 42.62861083038707, 13.29071421683125 42.62855848200997, 13.29078560091275 42.62849304739647, 13.29088196908934 42.62855848192814))
POLYGON((13.29092480027964 42.62832648524928, 13.29094264695632 42.62830863911934, 13.29103663447908 42.62836217706642, 13.29088196905976 42.62850732439974, 13.29079868831223 42.62845259620626, 13.29085401146299 42.62839727440438, 13.29092480027964 42.62832648524928))
POLYGON((13.29085401146299 42.62839727440438, 13.29079868831223 42.62845259620626, 13.29069637157192 42.62839072989537, 13.29076418637242 42.62833838261523, 13.29085401146299 42.62839727440438))
POLYGON((13.29092480027964 42.62832648524928, 13.29085401146299 42.62839727440438, 13.29076418637242 42.62833838261523, 13.29083676024171 42.62826461957425, 13.29092480027964 42.62832648524928))
POLYGON((13.29076418637242 42.62833838261523, 13.29069637157192 42.62839072989537, 13.29065710994799 42.62836336656958, 13.29075316784894 42.62826910490492, 13.29078441139627 42.62823844511271, 13.29083676024171 42.62826461957425, 13.29076418637242 42.62833838261523))
POLYGON((13.29075316784894 42.62826910490492, 13.29065710994799 42.62836336656958, 13.29059524438421 42.6283181576895, 13.29069756121221 42.62823011761823, 13.29075316784894 42.62826910490492))
POLYGON((13.29069756121221 42.62823011761823, 13.29059524438421 42.6283181576895, 13.29053218882054 42.62828127536157, 13.2906356957966 42.62818490696047, 13.29069756121221 42.62823011761823))
POLYGON((13.2906356957966 42.62818490696047, 13.29053218882054 42.62828127536157, 13.29048341065881 42.62824677368861, 13.29057977862037 42.62815397385974, 13.2906356957966 42.62818490696047))
POLYGON((13.29057977862037 42.62815397385974, 13.29048341065881 42.62824677368861, 13.29040250809739 42.62819442569339, 13.29049173853253 42.62809805684551, 13.29057977862037 42.62815397385974))
POLYGON((13.29049173853253 42.62809805684551, 13.29040250809739 42.62819442569339, 13.29030644314423 42.62812926814527, 13.29039221027691 42.62804581896626, 13.29049173853253 42.62809805684551))
POLYGON((13.29039221027691 42.62804581896626, 13.29030644314423 42.62812926814527, 13.29021329070158 42.6280802303266, 13.29021295700212 42.62801731494655, 13.29026514768381 42.62795873085672, 13.29029543288536 42.62798384226588, 13.29035848837274 42.62802191432895, 13.29039221027691 42.62804581896626))
POLYGON((13.29105091175288 42.62808734902902, 13.29095053064445 42.62818627604222, 13.29090814359239 42.62814326621528, 13.29100852588979 42.62804434015685, 13.29105091175288 42.62808734902902))
POLYGON((13.29126232621394 42.62824974746257, 13.29113240890469 42.62836538914505, 13.29101759909797 42.62825985984264, 13.29116952774412 42.62814838207267, 13.29126232621394 42.62824974746257))
POLYGON((13.29046318494567 42.6285751387444, 13.29043521042703 42.62858174535344, 13.29040714802092 42.6285124401432, 13.2904964974548 42.6284847189694, 13.29052624012289 42.62855372324393, 13.29046318494567 42.6285751387444))
POLYGON((13.2903728841354 42.62847103725272, 13.29026866405815 42.62849911538773, 13.29023957341711 42.62842104970247, 13.29031817589864 42.62840016898568, 13.29033622891696 42.62839537386637, 13.2903728841354 42.62847103725272))
POLYGON((13.29035346658075 42.62834797132126, 13.29037145589092 42.62838394961796, 13.29033622891696 42.62839537386637, 13.29031863261447 42.62840108174031, 13.29031817589864 42.62840016898568, 13.2902615257911 42.62828686736489, 13.29031434898473 42.62826973526712, 13.29035346658075 42.62834797132126))
POLYGON((13.29045711712608 42.62832113094551, 13.29035346658075 42.62834797132126, 13.29031434898473 42.62826973526712, 13.29040286498291 42.62823689839789, 13.29045711712608 42.62832113094551))
POLYGON((13.29047995894699 42.62836824471349, 13.29038858795997 42.62840108135057, 13.29037145589092 42.62838394961796, 13.29035346658075 42.62834797132126, 13.29045711712608 42.62832113094551, 13.29047995894699 42.62836824471349))
POLYGON((13.29050708575901 42.62842535171985, 13.29041571479456 42.62845533368613, 13.29038858795997 42.62840108135057, 13.29047995894699 42.62836824471349, 13.29048764409485 42.62838442224433, 13.29050708575901 42.62842535171985))
POLYGON((13.29041571479456 42.62845533368613, 13.2903728841354 42.62847103725272, 13.29033622891696 42.62839537386637, 13.29037145589092 42.62838394961796, 13.29038858795997 42.62840108135057, 13.29041571479456 42.62845533368613))
POLYGON((13.29058776759336 42.62835514089012, 13.29048764409485 42.62838442224433, 13.29047995894699 42.62836824471349, 13.29045711712608 42.62832113094551, 13.29050851356715 42.62830114438258, 13.29058776759336 42.62835514089012))
POLYGON((13.29058776759336 42.62835514089012, 13.29063843201136 42.62838965896309, 13.29050708575901 42.62842535171985, 13.29048764409485 42.62838442224433, 13.29058776759336 42.62835514089012))
POLYGON((13.29224831551073 42.62795838254262, 13.2922330880088 42.62805546449376, 13.29200465905198 42.6280383323019, 13.29201227287527 42.62793744285207, 13.29224831551073 42.62795838254262))
POLYGON((13.29117117332185 42.62693169240614, 13.29106957552452 42.62693637490996, 13.29105672629755 42.62670651907155, 13.29120948894097 42.62670080788239, 13.29124172414791 42.62686649540119, 13.29117117332185 42.62693169240614))
POLYGON((13.29157092231745 42.62690313934424, 13.29157568169481 42.62695548724341, 13.29146146744379 42.62696738429332, 13.2914448112875 42.62701497309896, 13.29133773492644 42.62702449103003, 13.29130442391798 42.62698642019219, 13.29117831097151 42.62700545628481, 13.29117117332185 42.62693169240614, 13.29124172414791 42.62686649540119, 13.29147574484671 42.62684127304797, 13.29157092231745 42.62690313934424))
POLYGON((13.29147574484671 42.62684127304797, 13.29146444197656 42.62669089084201, 13.2916086378693 42.62668089716259, 13.29163148050881 42.62689647635008, 13.29157092231745 42.62690313934424, 13.29147574484671 42.62684127304797))
POLYGON((13.29051039724854 42.62685483656313, 13.29062270726129 42.62683770425317, 13.29064174342987 42.6269823754937, 13.29052943216292 42.62699379661543, 13.29051039724854 42.62685483656313))
POLYGON((13.29405983926867 42.62456127372415, 13.29398369670207 42.62467786737224, 13.29390041532168 42.62464217509746, 13.29395990152756 42.62452796116198, 13.29405983926867 42.62456127372415))
POLYGON((13.2943667897879 42.6245898273386, 13.29431919992003 42.62467786720846, 13.29420022697678 42.6246421749321, 13.29424305756315 42.62455413537421, 13.2943667897879 42.6245898273386))
POLYGON((13.29450717788092 42.6246112424651, 13.29445720929121 42.62470642063009, 13.29435965125248 42.62468262648174, 13.29441437867886 42.62457555022038, 13.29450717788092 42.6246112424651))
POLYGON((13.29304856781031 42.62809596343291, 13.29294506099618 42.62815663956425, 13.29284869293199 42.6280745468837, 13.29295576911336 42.62799602502342, 13.29304856781031 42.62809596343291))
POLYGON((13.29583371295478 42.62519258271946, 13.2957137878243 42.62525111698484, 13.29565525291577 42.62518401615067, 13.2957694687125 42.62512833723844, 13.29583371295478 42.62519258271946))
